00:01 1
00:02 2,3
00:03 4,5,6,7,8
00:04 9
00:05 10,11
00:06 12
00:07 13,14

01:01 1
01:02 2,3,4
01:03 5,6,7,8
01:04 9,10
01:05 11,12
01:06 13,14
01:07 15,16
01:08 17

02:01 1,2
02:02 3,4
02:03 5,6
02:04 7,8,9
02:05 10,11,12,13
02:06 14,15,16,17,18
02:07 19,20
02:08 21,22,23,24
02:09 25,26,27,28,29
02:10 30,31
02:11 32

03:01 3,4
03:02 5,6,7
03:03 8,9
03:04 10,11,12,13,14
03:05 15,16,17
03:06 18,19,20,21
03:07 22,23,24,25,26,27,28,29
03:08 30,31,32
03:09 33,34
03:10 35,36
03:11 37,38,39
03:12 40

04:01 3
04:02 4
04:03 5,6,7,8,9,10,11
04:04 12,13,14,15
04:05 16,17,18
04:06 19,20,21
04:07 22,23,24,25,26
04:08 27,28,29,30,31
04:09 32,33,34,35,36
04:10 37,38,39,40,41
04:11 42,43
04:12 44,45
04:13 46,47
04:14 48

05:01 3
05:02 4,5
05:03 6,7,8,9,10
05:04 11,12,13,14
05:05 15,16
05:06 17,18,19,20,21,22
05:07 23,24,25,26
05:08 27,28,29,30,31,32,33,34
05:09 35,36,37,38,39
05:10 40,41
05:11 42,43,44,45,46,47
05:12 48,49,50,51,52
05:13 54,55
05:14 56

06:01 3
06:02 4,5,6
06:03 6,7,8,9,10,11,12,13,14
06:04 15,16
06:05 17,18,19,20,21,22,23,24
06:06 25,26,27,28
06:07 29,30,31,32,33,34,35,36
06:08 37,38,39,40
06:09 41,42,43,44,45,46,47,48,49
06:10 50,51,52,53,54
06:11 56

07:01 3
07:02 4
07:03 5,6,7,8,9
07:04 10,11,12
07:05 13,14,15,16,17
07:06 18,19,20,21,22,23,24,25,26,27,28,29,30,31,32,33,34,35,36,37,38,39,40,41
07:07 42,43,44,45,46,47,48
07:08 49,50,51,52,53,54,55,56
07:09 58,59,60
07:10 61
07:11 62,63
07:12 64

08:01 3
08:02 4,5
08:03 7,8,9
08:04 10,11,12,13,14,15,16,17,18
08:05 20,21,22
08:06 24,25,26
08:07 27,28,29,30,31,32,33,34,35,36,37,38,39,40,41,42,43,44
08:08 45
08:09 47
08:10 48,49,50,51,52,53
08:11 55,56,57,58
08:12 60,61,62,63
08:13 64

09:01 3
09:02 4,5,6
09:03 7,8,9,10,11
09:04 12,13,14,15,16,17,18
09:05 19
09:06 21,22,23,24,25
09:07 26,27
09:08 28,29,30,31
09:09 34,35,36,37,38
09:10 32,33,40,41,42,43,44,45,46,47,48,49,50,51,52,53,54,55,56,57,58
09:11 60
09:12 61
09:13 62,63
09:14 64

10:01 3
10:02 4,5
10:03 6,7,8,9,10,11,12,13,14,15,16,17,18,19,20,21,22,23
10:04 24
10:05 26,27,28,29,30
10:06 32,33,34,35,36
10:07 38,39,40,41,42,43,44,45,46,47,48,49,50,51,52,53,54,55,56,57,58,59,60,61,62,63,64,65,66,67,68,69,70,71,72,73,74
10:08 76,77,78,79,81,82,83,84,85,86,87
10:09 88

11:01 3
11:02 4,5
11:03 6,7,8
11:04 9,10,11,12,13
11:05 15,16,17,18,19
11:06 20,21,22,23
11:07 24,25,26
11:08 28,29,30,31,32
11:09 33,34,35,36
11:10 38,39
11:11 40

12:01 3
12:02 4,5
12:03 6,7,8,9,10,11,12
12:04 14,15,16,17,18,19,20,21,22,23,24,25,26
12:05 28,29,30,31
12:06 32,33,34,35,36,37,38,39,40,41,42,43,44,45,46,47,48,49,50,51,52
12:07 57,58,59,60,61,62
12:08 63,64,65,66,67,68,69,70,71
12:09 72,73,74,75
12:10 76,77
12:11 79
12:12 80

13:01 3,4
13:02 5,6,7,8,9,10,11,12,13,14,15,16,17,18,19,20
13:03 24,25,26,27,28,29
13:04 30,31,32,33,34,35,36,37
13:05 38,39,41,42
13:06 43,44,45,46,47
13:07 48,49,50,51,52,53,54,55,56,57,58,59
13:08 60,62
13:09 63,64,65,66,67,68,69,70
13:10 71
13:11 72

14:01 3,4
14:02 5,6,7,8,9,10,11
14:03 12,13
14:04 14,16,17,18
14:05 19,20,21,22,23,24,25
14:06 26,27,28,29
14:07 30,31,32,33,34,35,36
14:08 37,38,39,40,41,42,43,44,45
14:09 46,47,48,49
14:10 50,51,52
14:11 53,54,55
14:12 56,58,59
14:13 60

15:01 3,4
15:02 5,6,7,8,9,10,11,12
15:03 13,14,15
15:04 16
15:05 17,18,19,20,21,22,23
15:06 25,26,27,28,29,30,31,32,33,34,35,36,37,38,39,40,41,42,43,44,45,46,47,48,49,50,51,52,53,54,55,56,57,58,59
15:07 60,61,62,63,64
15:08 66,67,68,69,70,71,72,73,74
15:09 76,78,79,80,81
15:10 82,83,84,85
15:11 87,88
15:12 89,90,91,92,93,94,95,96
15:13 97,98,99
15:14 100

16:01 3,4
16:02 5,6
16:03 7,9,10,11,12,13,14,15,16
16:04 17
16:05 18,19,20
16:06 21,22,23,24,25,26,27,28,29,30,31,32,33,34,35,36,37,38
16:07 39,40,41,42,43,44
16:08 45,46
16:09 47,48
16:10 49,50,51
16:11 52,53,54,55,56,57
16:12 58,59
16:13 60

17:00 0,1,2,3
17:01 3,4,5
17:02 5,6,7,8,9
17:03 9,10,11,12,13
17:04 13,14,15,16,17,18,19,20,21
17:05 21,22,23,24,25,26,27,28,29,30,31,32
17:06 32,33,34
17:07 34,35,36,37,38,39,40,41,42
17:08 42,43,44,45,46,47,48,49,50,51,52,53,54,55,56
17:09 56,57,58,59,60

18:01 3
18:02 4,5,6,7,8,9
18:03 10,11,12,13,14,15,16
18:04 17,19,20,21
18:05 22,23,24,25,26,27,28,29,30,31,32,33,34,35,36
18:06 37,38,39,40,41,42,43,44,45,46,47
18:07 48,49,50
18:08 51,52,53,54,55,56,57
18:09 58,59,60,61,62
18:10 63
18:11 64

19:01 3,4
19:02 5,6,7,8,10
19:03 11,12,13,14,15,16
19:04 17,18,19,20
19:05 21,22,23,24,25,26,27,28,29,30,31,32,33,34,35,36,37,38
19:06 39,40,41,42,43
19:07 44,45
19:08 47,48,49,50,51
19:09 53
19:10 55,56,57,58
19:11 60,61,62,63
19:12 64,65,66,67,68,69,70,71,72,73,74,75,76,77,78
19:13 80

20:01 3
20:02 5,6
20:03 7,8,9,10,11,12,13
20:04 14,15,16,17,19,20,21,22,23,24
20:05 25,26,27,28,29,30,31
20:06 32,33,34,35,36,37,38,39,40,41,42,43,44
20:07 45,46,47,48,49,50,51,52,53,54,55,56,57,58,59,60,61
20:08 62,63,64,65,66,67
20:09 68,69,70,71,72
20:10 73,74,75,76,77,78
20:11 80

21:01 3,4
21:02 6
21:03 7
21:04 8,9,10
21:05 11,12,13,14,15,16
21:06 17,18,19,20,21,23
21:07 24,26,27,28,29,30
21:08 31,32,33,34,35,36,37,38,39,41
21:09 42,43,44,45,46,47,48,49
21:10 50,51,52,53,54
21:11 55,56,57,58
21:12 59,60,61,62,63,64,65,66
21:13 67,68,69,70
21:14 71,72,73,74,75,76,77,78,79
21:15 80
